200000.00000 ;-524.61720 ;
201000.00000 ;-557.92115 ;
202000.00000 ;-548.55879 ;
203000.00000 ;-517.48294 ;
204000.00000 ;-526.48508 ;
205000.00000 ;-527.40522 ;
206000.00000 ;-516.47478 ;
207000.00000 ;-520.34892 ;
208000.00000 ;-542.08014 ;
209000.00000 ;-554.27370 ;
210000.00000 ;-562.35265 ;
211000.00000 ;-560.17210 ;
212000.00000 ;-545.98743 ;
213000.00000 ;-540.95379 ;
214000.00000 ;-556.80875 ;
215000.00000 ;-551.69371 ;
216000.00000 ;-552.94910 ;
217000.00000 ;-551.91304 ;
218000.00000 ;-542.01992 ;
219000.00000 ;-544.04088 ;
220000.00000 ;-553.82978 ;
221000.00000 ;-546.37779 ;
222000.00000 ;-540.82097 ;
223000.00000 ;-536.49633 ;
224000.00000 ;-546.90021 ;
225000.00000 ;-546.91843 ;
226000.00000 ;-544.52626 ;
227000.00000 ;-546.95632 ;
228000.00000 ;-533.95363 ;
229000.00000 ;-531.52235 ;
230000.00000 ;-543.81658 ;
231000.00000 ;-538.10964 ;
232000.00000 ;-542.93618 ;
233000.00000 ;-528.30407 ;
234000.00000 ;-553.57738 ;
235000.00000 ;-549.71545 ;
236000.00000 ;-543.51383 ;
237000.00000 ;-536.18005 ;
238000.00000 ;-542.89163 ;
239000.00000 ;-547.54724 ;
240000.00000 ;-536.08638 ;
241000.00000 ;-553.21347 ;
242000.00000 ;-554.18002 ;
243000.00000 ;-540.99909 ;
244000.00000 ;-546.01447 ;
245000.00000 ;-544.66498 ;
246000.00000 ;-542.78870 ;
247000.00000 ;-535.47336 ;
248000.00000 ;-547.51841 ;
249000.00000 ;-552.92602 ;
250000.00000 ;-554.73269 ;
251000.00000 ;-539.91589 ;
252000.00000 ;-550.99585 ;
253000.00000 ;-562.67998 ;
254000.00000 ;-535.08659 ;
255000.00000 ;-547.46525 ;
256000.00000 ;-560.24385 ;
257000.00000 ;-540.40296 ;
258000.00000 ;-535.21781 ;
259000.00000 ;-554.61258 ;
260000.00000 ;-553.06862 ;
261000.00000 ;-523.58914 ;
262000.00000 ;-522.60587 ;
263000.00000 ;-530.31762 ;
264000.00000 ;-552.51403 ;
265000.00000 ;-549.65581 ;
266000.00000 ;-559.57800 ;
267000.00000 ;-550.49235 ;
268000.00000 ;-549.58703 ;
269000.00000 ;-544.58872 ;
270000.00000 ;-535.56740 ;
271000.00000 ;-544.76432 ;
272000.00000 ;-530.75748 ;
273000.00000 ;-521.51489 ;
274000.00000 ;-545.28104 ;
275000.00000 ;-553.65267 ;
276000.00000 ;-546.46320 ;
277000.00000 ;-553.20777 ;
278000.00000 ;-533.13455 ;
279000.00000 ;-524.64776 ;
280000.00000 ;-541.13158 ;
281000.00000 ;-528.53051 ;
282000.00000 ;-556.22118 ;
283000.00000 ;-538.87001 ;
284000.00000 ;-545.89802 ;
285000.00000 ;-540.56595 ;
286000.00000 ;-542.78961 ;
287000.00000 ;-528.13391 ;
288000.00000 ;-513.38292 ;
289000.00000 ;-550.17633 ;
290000.00000 ;-552.00587 ;
291000.00000 ;-528.63358 ;
292000.00000 ;-531.35988 ;
293000.00000 ;-550.40411 ;
294000.00000 ;-547.59862 ;
295000.00000 ;-540.56884 ;
296000.00000 ;-540.76883 ;
297000.00000 ;-546.11523 ;
298000.00000 ;-535.62680 ;
299000.00000 ;-545.22131 ;
300000.00000 ;-534.63514 ;
301000.00000 ;-557.02257 ;
302000.00000 ;-543.51283 ;
303000.00000 ;-555.90178 ;
304000.00000 ;-542.05960 ;
305000.00000 ;-552.56024 ;
306000.00000 ;-549.70738 ;
307000.00000 ;-557.52844 ;
308000.00000 ;-547.46070 ;
309000.00000 ;-545.55568 ;
310000.00000 ;-529.18972 ;
311000.00000 ;-563.64691 ;
312000.00000 ;-554.53756 ;
313000.00000 ;-546.41631 ;
314000.00000 ;-568.87081 ;
315000.00000 ;-542.78636 ;
316000.00000 ;-525.24776 ;
317000.00000 ;-539.51413 ;
318000.00000 ;-543.80860 ;
319000.00000 ;-547.92208 ;
320000.00000 ;-534.87975 ;
321000.00000 ;-516.31294 ;
322000.00000 ;-530.53663 ;
323000.00000 ;-535.74202 ;
324000.00000 ;-528.20720 ;
325000.00000 ;-513.56683 ;
326000.00000 ;-519.55180 ;
327000.00000 ;-523.15799 ;
328000.00000 ;-539.75466 ;
329000.00000 ;-534.67552 ;
330000.00000 ;-534.25775 ;
331000.00000 ;-536.46075 ;
332000.00000 ;-545.88678 ;
333000.00000 ;-543.64641 ;
334000.00000 ;-547.29582 ;
335000.00000 ;-540.92198 ;
336000.00000 ;-530.56394 ;
337000.00000 ;-529.89338 ;
338000.00000 ;-532.64157 ;
339000.00000 ;-527.30041 ;
340000.00000 ;-540.91188 ;
341000.00000 ;-528.47284 ;
342000.00000 ;-530.14828 ;
343000.00000 ;-525.66114 ;
344000.00000 ;-512.09481 ;
345000.00000 ;-537.35816 ;
346000.00000 ;-534.17827 ;
347000.00000 ;-524.31204 ;
348000.00000 ;-524.98780 ;
349000.00000 ;-538.52468 ;
350000.00000 ;-532.90902 ;
351000.00000 ;-546.38449 ;
352000.00000 ;-532.22000 ;
353000.00000 ;-535.64383 ;
354000.00000 ;-536.78618 ;
355000.00000 ;-530.00548 ;
356000.00000 ;-553.78180 ;
357000.00000 ;-523.05560 ;
358000.00000 ;-543.46384 ;
359000.00000 ;-535.63198 ;
360000.00000 ;-533.02035 ;
361000.00000 ;-538.24783 ;
362000.00000 ;-537.04786 ;
363000.00000 ;-538.10216 ;
364000.00000 ;-539.86361 ;
365000.00000 ;-530.29824 ;
366000.00000 ;-541.72976 ;
367000.00000 ;-530.50450 ;
368000.00000 ;-518.30205 ;
369000.00000 ;-522.16709 ;
370000.00000 ;-546.45077 ;
371000.00000 ;-552.38700 ;
372000.00000 ;-567.30692 ;
373000.00000 ;-566.59147 ;
374000.00000 ;-556.50601 ;
375000.00000 ;-556.54048 ;
376000.00000 ;-520.01787 ;
377000.00000 ;-510.04983 ;
378000.00000 ;-514.38877 ;
379000.00000 ;-536.20070 ;
380000.00000 ;-537.17156 ;
381000.00000 ;-543.30563 ;
382000.00000 ;-551.08226 ;
383000.00000 ;-553.54726 ;
384000.00000 ;-537.66869 ;
385000.00000 ;-517.20579 ;
386000.00000 ;-539.26450 ;
387000.00000 ;-517.04953 ;
388000.00000 ;-522.47037 ;
389000.00000 ;-523.21879 ;
390000.00000 ;-539.07316 ;
391000.00000 ;-549.29745 ;
392000.00000 ;-530.70137 ;
393000.00000 ;-533.39800 ;
394000.00000 ;-533.06607 ;
395000.00000 ;-535.08486 ;
396000.00000 ;-524.65532 ;
397000.00000 ;-512.64181 ;
398000.00000 ;-544.73304 ;
399000.00000 ;-542.13057 ;
400000.00000 ;-552.79988 ;
401000.00000 ;-551.66898 ;
402000.00000 ;-579.74490 ;
403000.00000 ;-548.18471 ;
404000.00000 ;-537.46767 ;
405000.00000 ;-551.58723 ;
406000.00000 ;-541.44226 ;
407000.00000 ;-543.74140 ;
408000.00000 ;-537.74888 ;
409000.00000 ;-564.62574 ;
410000.00000 ;-537.33674 ;
411000.00000 ;-547.94975 ;
412000.00000 ;-546.43795 ;
413000.00000 ;-525.19847 ;
414000.00000 ;-547.85844 ;
415000.00000 ;-556.26800 ;
416000.00000 ;-529.03979 ;
417000.00000 ;-518.26187 ;
418000.00000 ;-537.93133 ;
419000.00000 ;-545.55357 ;
420000.00000 ;-551.52367 ;
421000.00000 ;-524.20445 ;
422000.00000 ;-548.50010 ;
423000.00000 ;-553.99410 ;
424000.00000 ;-557.31187 ;
425000.00000 ;-547.96538 ;
426000.00000 ;-550.39450 ;
427000.00000 ;-553.56210 ;
428000.00000 ;-568.95170 ;
429000.00000 ;-541.98925 ;
430000.00000 ;-550.94240 ;
431000.00000 ;-550.96958 ;
432000.00000 ;-526.60250 ;
433000.00000 ;-539.37690 ;
434000.00000 ;-542.29664 ;
435000.00000 ;-538.21019 ;
436000.00000 ;-529.66858 ;
437000.00000 ;-537.68721 ;
438000.00000 ;-537.69444 ;
439000.00000 ;-567.88474 ;
440000.00000 ;-554.71825 ;
441000.00000 ;-550.66519 ;
442000.00000 ;-552.54308 ;
443000.00000 ;-545.55569 ;
444000.00000 ;-548.02652 ;
445000.00000 ;-547.31264 ;
446000.00000 ;-549.01547 ;
447000.00000 ;-536.90337 ;
448000.00000 ;-537.12882 ;
449000.00000 ;-535.50051 ;
450000.00000 ;-530.77567 ;
451000.00000 ;-558.37285 ;
452000.00000 ;-559.98744 ;
453000.00000 ;-528.62507 ;
454000.00000 ;-544.54384 ;
455000.00000 ;-539.54999 ;
456000.00000 ;-526.41796 ;
457000.00000 ;-529.44703 ;
458000.00000 ;-546.23692 ;
459000.00000 ;-533.78881 ;
460000.00000 ;-531.09295 ;
461000.00000 ;-527.10414 ;
462000.00000 ;-535.30813 ;
463000.00000 ;-533.73458 ;
464000.00000 ;-549.54751 ;
465000.00000 ;-548.62802 ;
466000.00000 ;-532.85037 ;
467000.00000 ;-520.02396 ;
468000.00000 ;-539.84943 ;
469000.00000 ;-542.21032 ;
470000.00000 ;-548.35155 ;
471000.00000 ;-538.07134 ;
472000.00000 ;-548.07363 ;
473000.00000 ;-562.68812 ;
474000.00000 ;-553.58246 ;
475000.00000 ;-557.77292 ;
476000.00000 ;-541.76849 ;
477000.00000 ;-545.10825 ;
478000.00000 ;-544.51751 ;
479000.00000 ;-560.38814 ;
480000.00000 ;-550.35249 ;
481000.00000 ;-554.64786 ;
482000.00000 ;-562.96251 ;
483000.00000 ;-570.13569 ;
484000.00000 ;-551.53195 ;
485000.00000 ;-541.17984 ;
486000.00000 ;-566.06715 ;
487000.00000 ;-552.20026 ;
488000.00000 ;-541.80913 ;
489000.00000 ;-549.06474 ;
490000.00000 ;-567.71138 ;
491000.00000 ;-538.17795 ;
492000.00000 ;-547.38142 ;
493000.00000 ;-532.25937 ;
494000.00000 ;-546.59414 ;
495000.00000 ;-554.95626 ;
496000.00000 ;-550.77862 ;
497000.00000 ;-546.37756 ;
498000.00000 ;-525.25715 ;
499000.00000 ;-535.79376 ;
500000.00000 ;-544.14493 ;
501000.00000 ;-570.22674 ;
502000.00000 ;-569.39845 ;
503000.00000 ;-540.71974 ;
504000.00000 ;-556.42302 ;
505000.00000 ;-536.88700 ;
506000.00000 ;-534.22621 ;
507000.00000 ;-550.32316 ;
508000.00000 ;-532.08432 ;
509000.00000 ;-550.00718 ;
510000.00000 ;-535.19866 ;
511000.00000 ;-545.14649 ;
512000.00000 ;-542.30533 ;
513000.00000 ;-550.52617 ;
514000.00000 ;-530.30733 ;
515000.00000 ;-523.29879 ;
516000.00000 ;-544.45234 ;
517000.00000 ;-534.59154 ;
518000.00000 ;-537.46142 ;
519000.00000 ;-546.54811 ;
520000.00000 ;-535.07060 ;
521000.00000 ;-555.88008 ;
522000.00000 ;-550.42373 ;
523000.00000 ;-553.58247 ;
524000.00000 ;-557.10045 ;
525000.00000 ;-546.66879 ;
526000.00000 ;-551.98285 ;
527000.00000 ;-537.82914 ;
528000.00000 ;-538.16965 ;
529000.00000 ;-539.91318 ;
530000.00000 ;-535.82067 ;
531000.00000 ;-553.16848 ;
532000.00000 ;-550.43320 ;
533000.00000 ;-548.34135 ;
534000.00000 ;-548.55557 ;
535000.00000 ;-543.19496 ;
536000.00000 ;-554.28164 ;
537000.00000 ;-542.76249 ;
538000.00000 ;-539.01790 ;
539000.00000 ;-527.73770 ;
540000.00000 ;-537.38536 ;
541000.00000 ;-530.99257 ;
542000.00000 ;-537.97960 ;
543000.00000 ;-520.51231 ;
544000.00000 ;-538.31253 ;
545000.00000 ;-544.10118 ;
546000.00000 ;-536.90658 ;
547000.00000 ;-533.26724 ;
548000.00000 ;-538.22528 ;
549000.00000 ;-526.14199 ;
550000.00000 ;-533.45533 ;
551000.00000 ;-537.77807 ;
552000.00000 ;-525.72829 ;
553000.00000 ;-524.75437 ;
554000.00000 ;-528.92521 ;
555000.00000 ;-523.72228 ;
556000.00000 ;-520.74976 ;
557000.00000 ;-535.02730 ;
558000.00000 ;-516.73108 ;
559000.00000 ;-528.25751 ;
560000.00000 ;-541.91768 ;
561000.00000 ;-537.90034 ;
562000.00000 ;-534.01539 ;
563000.00000 ;-541.05605 ;
564000.00000 ;-541.86064 ;
565000.00000 ;-528.57510 ;
566000.00000 ;-544.26087 ;
567000.00000 ;-539.18467 ;
568000.00000 ;-545.77069 ;
569000.00000 ;-550.63256 ;
570000.00000 ;-542.92994 ;
571000.00000 ;-536.84446 ;
572000.00000 ;-539.62463 ;
573000.00000 ;-553.51732 ;
574000.00000 ;-560.08229 ;
575000.00000 ;-543.35757 ;
576000.00000 ;-545.69400 ;
577000.00000 ;-529.63752 ;
578000.00000 ;-511.51267 ;
579000.00000 ;-525.70276 ;
580000.00000 ;-530.69016 ;
581000.00000 ;-527.64590 ;
582000.00000 ;-550.77406 ;
583000.00000 ;-554.38411 ;
584000.00000 ;-562.73645 ;
585000.00000 ;-562.74858 ;
586000.00000 ;-557.35866 ;
587000.00000 ;-559.33810 ;
588000.00000 ;-554.78614 ;
589000.00000 ;-541.62186 ;
590000.00000 ;-548.28587 ;
591000.00000 ;-572.75493 ;
592000.00000 ;-586.76539 ;
593000.00000 ;-597.17581 ;
594000.00000 ;-575.74359 ;
595000.00000 ;-569.32872 ;
596000.00000 ;-565.01604 ;
597000.00000 ;-568.35961 ;
598000.00000 ;-559.27571 ;
599000.00000 ;-571.29296 ;
600000.00000 ;-568.61640 ;
601000.00000 ;-561.81281 ;
602000.00000 ;-574.12672 ;
603000.00000 ;-554.81080 ;
604000.00000 ;-569.16736 ;
605000.00000 ;-562.94520 ;
606000.00000 ;-565.62503 ;
607000.00000 ;-554.19077 ;
608000.00000 ;-533.39651 ;
609000.00000 ;-542.31701 ;
610000.00000 ;-529.83056 ;
611000.00000 ;-536.13463 ;
612000.00000 ;-536.40426 ;
613000.00000 ;-542.28996 ;
614000.00000 ;-529.35088 ;
615000.00000 ;-536.12502 ;
616000.00000 ;-554.41274 ;
617000.00000 ;-562.05259 ;
618000.00000 ;-554.99061 ;
619000.00000 ;-538.57257 ;
620000.00000 ;-524.95791 ;
621000.00000 ;-531.05509 ;
622000.00000 ;-528.96294 ;
623000.00000 ;-538.43004 ;
624000.00000 ;-537.87023 ;
625000.00000 ;-526.03727 ;
626000.00000 ;-533.33292 ;
627000.00000 ;-544.02621 ;
628000.00000 ;-529.96713 ;
629000.00000 ;-544.37539 ;
630000.00000 ;-515.64961 ;
631000.00000 ;-500.45638 ;
632000.00000 ;-536.59702 ;
633000.00000 ;-535.81685 ;
634000.00000 ;-531.49715 ;
635000.00000 ;-534.55423 ;
636000.00000 ;-547.90737 ;
637000.00000 ;-533.96816 ;
638000.00000 ;-537.79033 ;
639000.00000 ;-548.08980 ;
640000.00000 ;-550.48407 ;
641000.00000 ;-570.50637 ;
642000.00000 ;-565.26681 ;
643000.00000 ;-575.31984 ;
644000.00000 ;-565.14174 ;
645000.00000 ;-561.00154 ;
646000.00000 ;-548.32623 ;
647000.00000 ;-552.25600 ;
648000.00000 ;-525.62139 ;
649000.00000 ;-559.00486 ;
650000.00000 ;-559.38650 ;
651000.00000 ;-539.70045 ;
652000.00000 ;-538.69167 ;
653000.00000 ;-538.64744 ;
654000.00000 ;-565.79447 ;
655000.00000 ;-571.79513 ;
656000.00000 ;-550.70361 ;
657000.00000 ;-549.26731 ;
658000.00000 ;-565.52579 ;
659000.00000 ;-560.15366 ;
660000.00000 ;-538.46698 ;
661000.00000 ;-549.07455 ;
662000.00000 ;-530.66833 ;
663000.00000 ;-533.68871 ;
664000.00000 ;-546.79409 ;
665000.00000 ;-558.55278 ;
666000.00000 ;-563.41791 ;
667000.00000 ;-561.99954 ;
668000.00000 ;-539.30080 ;
669000.00000 ;-560.12503 ;
670000.00000 ;-559.03618 ;
671000.00000 ;-554.75401 ;
672000.00000 ;-554.33657 ;
673000.00000 ;-564.51070 ;
674000.00000 ;-548.55288 ;
675000.00000 ;-533.07933 ;
676000.00000 ;-545.54344 ;
677000.00000 ;-543.10760 ;
678000.00000 ;-560.95979 ;
679000.00000 ;-571.22634 ;
680000.00000 ;-553.07637 ;
681000.00000 ;-534.98315 ;
682000.00000 ;-554.73606 ;
683000.00000 ;-548.74827 ;
684000.00000 ;-548.04112 ;
685000.00000 ;-547.78249 ;
686000.00000 ;-536.77772 ;
687000.00000 ;-554.87926 ;
688000.00000 ;-544.85046 ;
689000.00000 ;-549.68568 ;
690000.00000 ;-554.96818 ;
691000.00000 ;-545.35873 ;
692000.00000 ;-539.24285 ;
693000.00000 ;-545.26131 ;
694000.00000 ;-553.28040 ;
695000.00000 ;-521.67382 ;
696000.00000 ;-520.90668 ;
697000.00000 ;-536.10864 ;
698000.00000 ;-540.13858 ;
699000.00000 ;-542.95320 ;
700000.00000 ;-529.50359 ;
701000.00000 ;-527.79682 ;
702000.00000 ;-543.65586 ;
703000.00000 ;-558.35085 ;
704000.00000 ;-546.72246 ;
705000.00000 ;-550.32184 ;
706000.00000 ;-547.49195 ;
707000.00000 ;-547.54754 ;
708000.00000 ;-532.86627 ;
709000.00000 ;-555.54932 ;
710000.00000 ;-554.85767 ;
711000.00000 ;-544.37887 ;
712000.00000 ;-564.05425 ;
713000.00000 ;-552.89737 ;
714000.00000 ;-559.66732 ;
715000.00000 ;-567.26571 ;
716000.00000 ;-555.74452 ;
717000.00000 ;-575.98552 ;
718000.00000 ;-558.32971 ;
719000.00000 ;-556.27686 ;
720000.00000 ;-567.09886 ;
721000.00000 ;-542.47681 ;
722000.00000 ;-547.20158 ;
723000.00000 ;-549.71429 ;
724000.00000 ;-553.39568 ;
725000.00000 ;-574.30741 ;
726000.00000 ;-564.83682 ;
727000.00000 ;-558.74215 ;
728000.00000 ;-559.83001 ;
729000.00000 ;-543.76309 ;
730000.00000 ;-547.38191 ;
731000.00000 ;-568.66620 ;
732000.00000 ;-559.27483 ;
733000.00000 ;-568.72574 ;
734000.00000 ;-567.09699 ;
735000.00000 ;-535.98548 ;
736000.00000 ;-538.81403 ;
737000.00000 ;-565.63479 ;
738000.00000 ;-553.66196 ;
739000.00000 ;-574.23592 ;
740000.00000 ;-552.30676 ;
741000.00000 ;-552.47609 ;
742000.00000 ;-537.48596 ;
743000.00000 ;-566.59714 ;
744000.00000 ;-547.39373 ;
745000.00000 ;-523.02269 ;
746000.00000 ;-535.48704 ;
747000.00000 ;-524.27133 ;
748000.00000 ;-527.91443 ;
749000.00000 ;-539.47074 ;
750000.00000 ;-551.16075 ;
751000.00000 ;-537.36694 ;
752000.00000 ;-561.39381 ;
753000.00000 ;-548.63333 ;
754000.00000 ;-516.96100 ;
755000.00000 ;-534.97788 ;
756000.00000 ;-525.64994 ;
757000.00000 ;-528.37075 ;
758000.00000 ;-531.18674 ;
759000.00000 ;-549.46883 ;
760000.00000 ;-544.90756 ;
761000.00000 ;-525.18296 ;
762000.00000 ;-533.84101 ;
763000.00000 ;-537.78496 ;
764000.00000 ;-534.21844 ;
765000.00000 ;-541.94790 ;
766000.00000 ;-527.13062 ;
767000.00000 ;-538.38723 ;
768000.00000 ;-534.57864 ;
769000.00000 ;-516.56231 ;
770000.00000 ;-520.27369 ;
771000.00000 ;-526.20256 ;
772000.00000 ;-528.27216 ;
773000.00000 ;-536.37432 ;
774000.00000 ;-538.71918 ;
775000.00000 ;-539.00046 ;
776000.00000 ;-530.23919 ;
777000.00000 ;-520.14952 ;
778000.00000 ;-525.27234 ;
779000.00000 ;-552.63788 ;
780000.00000 ;-534.87374 ;
781000.00000 ;-521.24808 ;
782000.00000 ;-520.37038 ;
783000.00000 ;-518.65207 ;
784000.00000 ;-519.28647 ;
785000.00000 ;-532.12573 ;
786000.00000 ;-530.34472 ;
787000.00000 ;-532.29446 ;
788000.00000 ;-534.88058 ;
789000.00000 ;-553.35043 ;
790000.00000 ;-510.07666 ;
791000.00000 ;-530.78536 ;
792000.00000 ;-540.81920 ;
793000.00000 ;-550.90675 ;
794000.00000 ;-561.71566 ;
795000.00000 ;-551.35115 ;
796000.00000 ;-556.65555 ;
797000.00000 ;-537.68856 ;
798000.00000 ;-544.63739 ;
799000.00000 ;-548.40079 ;
800000.00000 ;-540.43764 ;
801000.00000 ;-556.33316 ;
802000.00000 ;-521.14932 ;
803000.00000 ;-507.38376 ;
804000.00000 ;-544.03791 ;
805000.00000 ;-539.90245 ;
806000.00000 ;-530.74528 ;
807000.00000 ;-534.70774 ;
808000.00000 ;-549.75965 ;
809000.00000 ;-553.01650 ;
810000.00000 ;-542.19583 ;
811000.00000 ;-533.41963 ;
812000.00000 ;-540.56124 ;
813000.00000 ;-550.80614 ;
814000.00000 ;-537.23963 ;
815000.00000 ;-551.71537 ;
816000.00000 ;-543.81995 ;
817000.00000 ;-547.07211 ;
818000.00000 ;-547.43059 ;
819000.00000 ;-559.04943 ;
820000.00000 ;-565.87553 ;
821000.00000 ;-556.05562 ;
822000.00000 ;-543.79498 ;
823000.00000 ;-545.23284 ;
824000.00000 ;-552.91705 ;
825000.00000 ;-545.82685 ;
826000.00000 ;-548.28389 ;
827000.00000 ;-556.00232 ;
828000.00000 ;-565.91829 ;
829000.00000 ;-564.34471 ;
830000.00000 ;-537.58684 ;
831000.00000 ;-546.17790 ;
832000.00000 ;-538.00039 ;
833000.00000 ;-557.78675 ;
834000.00000 ;-534.85396 ;
835000.00000 ;-556.40365 ;
836000.00000 ;-553.32672 ;
837000.00000 ;-552.60312 ;
838000.00000 ;-544.91306 ;
839000.00000 ;-535.15576 ;
840000.00000 ;-535.44344 ;
841000.00000 ;-540.21440 ;
842000.00000 ;-550.75877 ;
843000.00000 ;-556.83601 ;
844000.00000 ;-542.46220 ;
845000.00000 ;-536.36559 ;
846000.00000 ;-531.39472 ;
847000.00000 ;-532.94349 ;
848000.00000 ;-568.15755 ;
849000.00000 ;-547.54109 ;
850000.00000 ;-547.58833 ;
851000.00000 ;-557.34765 ;
852000.00000 ;-534.54901 ;
853000.00000 ;-551.86835 ;
854000.00000 ;-551.46025 ;
855000.00000 ;-548.02109 ;
856000.00000 ;-536.53110 ;
857000.00000 ;-533.93478 ;
858000.00000 ;-536.75540 ;
859000.00000 ;-542.59619 ;
860000.00000 ;-556.75686 ;
861000.00000 ;-532.21291 ;
862000.00000 ;-542.52875 ;
863000.00000 ;-549.54634 ;
864000.00000 ;-549.27899 ;
865000.00000 ;-546.54445 ;
866000.00000 ;-531.97023 ;
867000.00000 ;-540.68701 ;
868000.00000 ;-525.67879 ;
869000.00000 ;-529.08529 ;
870000.00000 ;-529.23434 ;
871000.00000 ;-517.79430 ;
872000.00000 ;-555.22878 ;
873000.00000 ;-531.59788 ;
874000.00000 ;-547.11119 ;
875000.00000 ;-549.60593 ;
876000.00000 ;-541.36897 ;
877000.00000 ;-527.52032 ;
878000.00000 ;-548.03486 ;
879000.00000 ;-523.66845 ;
880000.00000 ;-540.27881 ;
881000.00000 ;-534.20655 ;
882000.00000 ;-524.71219 ;
883000.00000 ;-531.04286 ;
884000.00000 ;-548.03433 ;
885000.00000 ;-519.26287 ;
886000.00000 ;-526.58366 ;
887000.00000 ;-539.36473 ;
888000.00000 ;-551.82410 ;
889000.00000 ;-526.99558 ;
890000.00000 ;-557.39645 ;
891000.00000 ;-555.60422 ;
892000.00000 ;-569.01491 ;
893000.00000 ;-544.99621 ;
894000.00000 ;-526.61663 ;
895000.00000 ;-549.94485 ;
896000.00000 ;-558.50185 ;
897000.00000 ;-535.95193 ;
898000.00000 ;-531.91925 ;
899000.00000 ;-527.76149 ;
900000.00000 ;-529.66527 ;
901000.00000 ;-533.07888 ;
902000.00000 ;-537.21416 ;
903000.00000 ;-535.30556 ;
904000.00000 ;-539.23385 ;
905000.00000 ;-538.38725 ;
906000.00000 ;-545.37828 ;
907000.00000 ;-554.26578 ;
908000.00000 ;-537.43414 ;
909000.00000 ;-556.30552 ;
910000.00000 ;-544.55334 ;
911000.00000 ;-545.31579 ;
912000.00000 ;-546.49325 ;
913000.00000 ;-539.60504 ;
914000.00000 ;-540.09020 ;
915000.00000 ;-550.19733 ;
916000.00000 ;-542.21559 ;
917000.00000 ;-528.14963 ;
918000.00000 ;-543.66990 ;
919000.00000 ;-550.17551 ;
920000.00000 ;-522.78612 ;
921000.00000 ;-527.83547 ;
922000.00000 ;-520.12801 ;
923000.00000 ;-537.34306 ;
924000.00000 ;-523.30352 ;
925000.00000 ;-540.10717 ;
926000.00000 ;-520.26796 ;
927000.00000 ;-527.33617 ;
928000.00000 ;-530.09050 ;
929000.00000 ;-546.44558 ;
930000.00000 ;-526.84072 ;
931000.00000 ;-551.03943 ;
932000.00000 ;-535.48742 ;
933000.00000 ;-550.33932 ;
934000.00000 ;-552.65034 ;
935000.00000 ;-538.75163 ;
936000.00000 ;-552.35224 ;
937000.00000 ;-553.78297 ;
938000.00000 ;-545.22258 ;
939000.00000 ;-533.87843 ;
940000.00000 ;-542.92269 ;
941000.00000 ;-535.55789 ;
942000.00000 ;-544.89764 ;
943000.00000 ;-551.90258 ;
944000.00000 ;-552.57117 ;
945000.00000 ;-561.40365 ;
946000.00000 ;-559.30998 ;
947000.00000 ;-547.05294 ;
948000.00000 ;-563.22448 ;
949000.00000 ;-566.66760 ;
950000.00000 ;-561.28588 ;
951000.00000 ;-560.53719 ;
952000.00000 ;-552.93377 ;
953000.00000 ;-544.43709 ;
954000.00000 ;-574.79922 ;
955000.00000 ;-539.41740 ;
956000.00000 ;-538.39367 ;
957000.00000 ;-558.56185 ;
958000.00000 ;-563.74603 ;
959000.00000 ;-533.14352 ;
960000.00000 ;-533.48604 ;
961000.00000 ;-514.11692 ;
962000.00000 ;-536.44862 ;
963000.00000 ;-550.80310 ;
964000.00000 ;-543.84347 ;
965000.00000 ;-554.60189 ;
966000.00000 ;-542.40562 ;
967000.00000 ;-536.07372 ;
968000.00000 ;-542.72029 ;
969000.00000 ;-540.80469 ;
970000.00000 ;-540.65102 ;
971000.00000 ;-539.48508 ;
972000.00000 ;-563.45701 ;
973000.00000 ;-550.01473 ;
974000.00000 ;-570.24124 ;
975000.00000 ;-582.73876 ;
976000.00000 ;-554.15635 ;
977000.00000 ;-539.27910 ;
978000.00000 ;-556.45050 ;
979000.00000 ;-537.51599 ;
980000.00000 ;-539.75172 ;
981000.00000 ;-540.07146 ;
982000.00000 ;-555.91806 ;
983000.00000 ;-553.49991 ;
984000.00000 ;-549.49211 ;
985000.00000 ;-576.17551 ;
986000.00000 ;-568.04601 ;
987000.00000 ;-580.01953 ;
988000.00000 ;-565.23546 ;
989000.00000 ;-572.46242 ;
990000.00000 ;-569.73010 ;
991000.00000 ;-553.25737 ;
992000.00000 ;-547.64825 ;
993000.00000 ;-570.10693 ;
994000.00000 ;-546.11999 ;
995000.00000 ;-578.83666 ;
996000.00000 ;-570.31283 ;
997000.00000 ;-582.63657 ;
998000.00000 ;-568.41170 ;
999000.00000 ;-553.68705 ;
